.env.example
  h_45c23cf41d175e 6-8,10-22
.github/workflows/ci.yml
  h_45c23cf41d175e 8-11,20,53
.github/workflows/junie-review.yml
  h_45c23cf41d175e 9-12
.github/workflows/opencode.yml
  h_45c23cf41d175e 9-12,43
.gitignore
  h_45c23cf41d175e 13
STATUS.md
  h_45c23cf41d175e 2,269-276
apps/web/.env.local.example
  h_45c23cf41d175e 5-12,19-21,23-27
apps/web/package.json
  h_45c23cf41d175e 5-7,34-35,41-43
apps/web/playwright.config.ts
  h_45c23cf41d175e 16
apps/web/scripts/check-hydration-leak.mjs
  h_45c23cf41d175e 14-16,25-69,74-77,79,81
apps/web/src/components/gallery/GalleryPage.tsx
  h_45c23cf41d175e 82-85,87-99,276-281,283-286,303-313,321-324,328-335,347,349,351,364-369,371-377,386-388,390,496
apps/web/src/env.d.ts
  h_45c23cf41d175e 1-16
apps/web/src/hooks/useAdminRealtime.ts
  h_45c23cf41d175e 1,5-6,8-14,19,22,25,28,34-37,40-46,53-63,65
apps/web/src/hooks/useRealtime.ts
  h_45c23cf41d175e 61-69,71-72,76-82
apps/web/src/layouts/GalleryLayout.astro
  h_45c23cf41d175e 9-13,21
apps/web/src/lib/albumDeletion.ts
  h_45c23cf41d175e 4-21,26-45,73,75-84,86-88
apps/web/src/lib/auth.test.ts
  h_45c23cf41d175e 145-167
apps/web/src/lib/auth.ts
  h_45c23cf41d175e 26-43
apps/web/src/lib/cache.test.ts
  h_45c23cf41d175e 1-108
apps/web/src/lib/cache.ts
  h_45c23cf41d175e 34-85,94-103,161-173
apps/web/src/lib/gallerySession.test.ts
  h_45c23cf41d175e 26,34,42-43,54,67,81-146
apps/web/src/lib/gallerySession.ts
  h_45c23cf41d175e 2,5-11,20-29,39-48,65-67,69,82-84,89-98
apps/web/src/lib/imageResize.test.ts
  h_45c23cf41d175e 36-40,43,53-95,149,171-173
apps/web/src/lib/imageResize.ts
  h_45c23cf41d175e 12-13,74-81,87-89,93-97,106-109
apps/web/src/lib/imageResizeClient.test.ts
  h_45c23cf41d175e 149-206
apps/web/src/lib/imageResizeClient.ts
  h_45c23cf41d175e 20-52,63,69-71,79,94-107,116,138
apps/web/src/lib/ratelimit.ts
  h_45c23cf41d175e 77-87,115-119,125,135,140-142,148,158,163-166,174-175,182,187
apps/web/src/lib/upstash.test.ts
  h_45c23cf41d175e 1-61
apps/web/src/lib/upstash.ts
  h_45c23cf41d175e 6-12,14-15,31
apps/web/src/pages/api/admin/albums.ts
  h_45c23cf41d175e 4,24-28,50-55,61
apps/web/src/pages/api/gallery/[slug]/draft.test.ts
  h_45c23cf41d175e 4,10,13,32,69,75-79,83-84,89,96-102
apps/web/src/pages/api/gallery/[slug]/draft.ts
  h_45c23cf41d175e 3-4,54-70
apps/web/src/pages/api/gallery/[slug]/session.test.ts
  h_45c23cf41d175e 4,7,10,24,34-36,48-49,59,62-63,94,96,102-122,124,128
apps/web/src/pages/api/gallery/[slug]/session.ts
  h_45c23cf41d175e 3-4,15-19,69,71-82,94-97
apps/web/src/pages/api/gallery/[slug]/submit.ts
  h_45c23cf41d175e 5,8,95-102,109-118
apps/web/src/pages/api/gallery/[slug]/verify.ts
  h_45c23cf41d175e 4,18-22,105-110,112,119,127-151
apps/web/src/pages/index.astro
  h_45c23cf41d175e 53-85,88-89
apps/web/vercel.json
  h_45c23cf41d175e 7,14
packages/sanity/client.ts
  h_45c23cf41d175e 8-13,21,23-33,40-45,50,52,61
packages/sanity/lib/admin.ts
  h_45c23cf41d175e 1,7-13,34-41,50,96-113,124-145,151-165,167-174
packages/sanity/lib/queries.ts
  h_45c23cf41d175e 2-5,22-33,48-52,85
packages/sanity/package.json
  h_45c23cf41d175e 24,31,35-36
packages/sanity/sanity.cli.ts
  h_45c23cf41d175e 3-17,20-21
packages/sanity/sanity.config.ts
  h_45c23cf41d175e 6-22,26-27
packages/sanity/schemas/album.ts
  h_45c23cf41d175e 51,68
packages/sanity/schemas/slugLock.ts
  h_45c23cf41d175e 17-30
pnpm-lock.yaml
  h_45c23cf41d175e 75-80,99-104,118-120,130-135,159,165,177,184,191,195,207,218,229,234,242,252,409,416,421,426,477,505,517,532,546,575,593,607,617,640,667,677,687,700,714,727,736,746,756,766,776,787,797,811,825,835,845,858,871,888,899,912,923,933,944,954,967,977,987,1000,1014,1024,1034,1044,1054,1067,1080,1095,1108,1119,1129,1139,1149,1165,1178,1188,1201,1211,1224,1238,1248,1258,1270,1304,1315,1325,1336,1346,1356,1369,1379,1389,1399,1415,1425,1436,1447,1458,1540,1551,1568,1584,1598,1603,1673,1682,1694,1705,1713,1721,1727,1736,1745,1750,1766,1790,1812,1837,1846,1850,1859,1872,1884,1896,1905,1944,1948,1956,1973,1990,2007,2024,2041,2058,2075,2092,2109,2126,2143,2160,2177,2194,2211,2228,2245,2262,2279,2296,2313,2330,2347,2364,2381,2459,2466,2477,2481,2751,2756,2773,2789,2803,2817,2837,2856,2871,2886,2901,2915,2929,2943,2948,2953,2967,2981,2995,3009,3024,3039,3061,3083,3098,3112,3128,3143,3160,3176,3188,3200,3212,3223,3252,3256,3262,3270,3276,3297,3310,3316,3337,3348,3358,3365,3382,3387,3395,3400,3408,3432,3439,3444,3457,3465,3474,3478,3488,3498,3505,3517,3523,3537,3556,3563,3572,3584,3616,3621,3631,3638,3655,3671,3687,3699,3714,3725,3737,3742,3750,3757,3762,3772,3782,4121,4128,4133,4138,4186,4205,4228,4233,4242,4251,4260,4267,4272,4279,4286,4293,4319,4323,4332,4341,4353,4384,4406,4411,4421,4425,4432,4439,4457,4471,4485,4498,4511,4522,4541,4591,4608,4633,4640,4652,4662,4672,4682,4708,4722,4729,4735,4781,4795,4802,4809,4817,4825,4836,4841,4853,4944,4955,4960,4964,5110,5117,5127,5131,5150,5154,5170,5186,5190,5196,5201,5206,5213,5217,5221,5381,5408,5491,5659,5696,5719,5729,5748,5753,5758,5765,5772,5782,5786,5791,5811,5828,5834,5855,5860,5865,5870,6007,6015,6019,6023,6037,6050,6062,6073,6081,6094,6113,6118,6124,6146,6152,6161,6175,6186,6200,6216,6229,6235,6251,6255,6262,6269,6295,6300,6309,6314,6325,6331,6343,6357,6365,6370,6384,6388,6403,6414,6427,6434,6441,6448,6453,6458,6463,6472,6481,6492,6509,6515,6522,6526,6530,6534,6541,6558,6569,6573,6583,6590,6602,6613,6618,6636,6640,6646,6654,6658,6677,6730,6737,6741,6745,6753,6767,6771,6775,6786,6806,6811,6815,6838,6843,6853,6863,6872,6889,6911,6916,6921,6951,6965,6979,6988,6997,7001,7009,7016,7020,7044,7049,7054,7064,7074,7085,7119,7161,7166,7278,7285,7304,7319,7327,7338,7343,7348,7359,7374,7393,7408,7419,7450,7476,7482,7489,7498,7503,7510,7518,7526,7534,7541,7565,7572,7593,7604,7646,7653,7657,7680,7684,7693,7698,7704,7720,7739,7744,7752,7783,7794,7814,7839,7843,7848,7869,7881,7886,7891,7903,7922,7927,7936,7943,7950,8060,8066,8070,8076,8080,8087,8091,8098,8117,8135,8161,8167,8174,8181,8185,8190,8203,8208,8213,8220,8239,8247,8254,8258,8265,8272,8276,8280,8286,8303,8308,8315,8320,8324,8328,8332,8345,8350,8355,8360,8365,8377,8382,8386,8399,8403,8408,8413,8420,8431,8435,8443,8448,8461,8469,8479,8498,8513,8548,8595,8602,8606,8610,8623,8627,8646,8651,8658,8663,8794,8798,8804,8814,8822,8829,8836,8843,8847,8851,8855,8862,8870,8878,8897,8913,8939,8946,8951,8956,8968,8977,8981,9138,9147,9155,9159,9164,9182,9190,9445,9450,9455,9462,9469,9478,9492,9505,9512,9521,9525,9551,9555,9559,9571,9579,9599,9608,9616,9621,9625,9630,9641,9684,9709,9719,9735,9751,9756,9761,9770,9796,9809,9830,9857,9871,9886,9893,9900,9907,9921,9928,9935,9942,9947,9952,9968,9972,9980,9988,9995,10007,10017,10033,10049,10054,10062,10070,10089,10101,10105,10125,10130,10137,10144,10151,10159,10167,10188,10195,10220,10231,10247,10256,10261,10269,10276,10283,10297,10302,10310,10315,10324,10334,10344,10353,10361,10374,10393,10417,10421,10429,10441,10458,10473,10483,10492,10504,10523,10529,10536,10549,10555,10564,10571,10575,10603,10610,10617,10621,10628,10718,10723,10732,10741,10754,10765,10779,10787,10825,10832,10841,10904,10909,10915,10923,10932,10941,10948,11134,11146,11157,11161,11166,11179,11186,11190,11262,11266,11275,11290,11310,11314,11330,11335,11345,11349,11356,11360,11365,11370,11374,11387,11394,11398,11409,11418,11427,11435,11439,11445,11464,11471,11476,11487,11492,11496,11519,11523,11530,11537,11548,11566,11582,11593,11606,11625,11633,11640,11647,11660,11689,11700,11714,11725,11743,11759,11776,11790,11799,11812,11884,11889,11894,11899,11905,11909,11915,11921,11925,11950,11960,11968,11973,11978,11983,12010,12018,12080,12173,12188,12196,12204,12212,12225,12241,12249,12257,12262,12268,12273,12280,12318,12503,12507,12514,12520,12533,12546,12551,12564,12594,12609,12625,12634,12643,12652,12661,12673,12698,12703,12715,12719,12723,12727,12732,12741,12748,12758,12763,12768,12786,12791,12800,12805,12814,12818,12849
---
{
  "schema_version": "authorship/3.0.0",
  "git_ai_version": "1.6.20",
  "base_commit_sha": "a775d65df1aa9617c4227a08faabfbcc3940e338",
  "prompts": {},
  "humans": {
    "h_45c23cf41d175e": {
      "author": "IrvanNandika <ylexrapper@gmail.com>"
    }
  }
}